gcidsSK <-
  c(52, 52, 58, 52, 28, 29, 31, 34, 37, 40, 49, 50, 52, 55, 58,
    61, 28, 29, 31, 34, 35, 37, 40, 49, 50, 52, 55, 58, 61, 28, 29,
    31, 34, 37, 40, 49, 50, 52, 55, 56, 58, 61, 28, 29, 31, 34, 40,
    49, 50, 52, 55, 58, 61, 28, 34, 49, 52, 55, 40, 28, 31, 34, 40,
    49, 50, 52, 55, 61, 28, 31, 34, 40, 49, 50, 52, 55, 61, 52, 55,
    58, 28, 29, 31, 34, 37, 40, 49, 50, 52, 55, 58, 61, 28, 31, 34,
    37, 40, 49, 50, 52, 55, 58, 61, 28, 31, 34, 37, 40, 49, 50, 52,
    55, 61, 28, 31, 34, 40, 49, 52, 55, 61, 28, 61, 52, 61, 62, 28,
    31, 34, 40, 49, 50, 52, 55, 61, 31, 34, 49, 52, 55, 28, 31, 34,
    40, 49, 50, 52, 55, 58, 61, 62, 28, 29, 31, 34, 40, 49, 50, 52,
    55, 61, 28, 34, 40, 49, 50, 52, 55, 61, 62, 28, 34, 40, 61, 49,
    31, 40, 49, 61, 28, 29, 31, 34, 40, 49, 50, 52, 58, 61, 28, 31,
    34, 40, 49, 50, 52, 55, 61, 49, 52, 55, 28, 31, 34, 40, 49, 50,
    52, 55, 58, 61, 28, 31, 34, 40, 49, 50, 52, 55, 61, 40, 49, 50,
    52, 61, 28, 31, 31, 61, 28, 31, 34, 49, 50, 55, 61, 28, 31, 34,
    49, 61, 28, 34, 52, 61, 31, 49, 52, 55, 55, 40, 28, 49, 28, 31,
    34, 49, 52, 28, 31, 58, 61, 28, 31, 34, 49, 50, 61, 52, 49, 52,
    55, 58, 31, 34, 37, 49, 52, 55, 52, 55, 58, 31, 34, 49, 52, 55,
    56, 58, 31, 34, 49, 52, 55, 56, 58, 61, 49, 52, 55, 52, 55, 28,
    34, 49, 55, 28, 31, 34, 37, 52, 55, 49, 52, 55, 28, 31, 34, 37,
    49, 52, 55, 58, 28, 31, 34, 37, 49, 52, 55, 58, 28, 31, 34, 37,
    49, 52, 55, 34, 37, 50, 52, 52, 28, 31, 34, 37, 52, 55, 28, 31,
    34, 37, 49, 52, 55, 58, 52, 55, 28, 31, 34, 37, 40, 49, 52, 55,
    58, 28, 31, 34, 37, 40, 49, 52, 55, 58, 61, 28, 31, 34, 37, 49,
    52, 55, 58, 28, 31, 34, 37, 52, 55, 31, 52, 55, 31, 28, 31, 34,
    37, 40, 49, 52, 55, 58, 28, 31, 34, 37, 40, 49, 50, 52, 55, 58,
    52, 55, 28, 31, 34, 37, 49, 50, 52, 55, 58, 61, 28, 31, 34, 37,
    40, 49, 50, 52, 55, 58, 28, 31, 34, 37, 40, 49, 50, 52, 55, 58,
    28, 31, 34, 37, 49, 52, 55, 58, 34, 49, 55, 28, 31, 28, 31, 34,
    49, 52, 55, 58, 28, 31, 34, 37, 49, 50, 52, 55, 58, 61, 49, 52,
    28, 31, 34, 37, 40, 49, 50, 52, 55, 58, 28, 29, 31, 34, 35, 37,
    40, 49, 50, 52, 55, 58, 61, 28, 31, 34, 37, 40, 49, 50, 52, 55,
    58, 61, 28, 31, 34, 49, 52, 55, 58, 52, 28, 28, 34, 49, 55, 58,
    61, 28, 34, 37, 49, 50, 52, 55, 58, 61, 28, 31, 34, 37, 40, 49,
    50, 52, 55, 58, 61, 28, 31, 34, 37, 49, 50, 52, 55, 58, 61, 28,
    31, 34, 49, 50, 52, 55, 58, 61, 28, 40, 49, 55, 58, 49, 34, 28,
    31, 34, 49, 50, 52, 55, 58, 28, 31, 34, 37, 40, 49, 50, 52, 55,
    58, 61, 28, 29, 31, 34, 37, 40, 49, 50, 52, 55, 58, 61, 28, 29,
    31, 34, 37, 40, 49, 50, 52, 55, 56, 58, 61, 28, 29, 31, 34, 37,
    40, 49, 50, 52, 55, 58, 61, 28, 29, 31, 34, 40, 49, 50, 52, 55,
    61, 31, 50, 49, 52, 61, 28, 31, 34, 49, 50, 52, 55, 58, 61, 28,
    31, 34, 37, 40, 49, 50, 52, 55, 58, 61, 52, 28, 31, 34, 37, 40,
    49, 50, 52, 55, 58, 61, 28, 29, 31, 34, 37, 40, 49, 50, 52, 55,
    58, 61, 28, 31, 34, 40, 49, 50, 52, 55, 58, 61, 28, 34, 49, 50,
    52, 55, 58, 61, 49, 50, 55, 61, 49, 52, 55, 58, 61, 28, 29, 31,
    34, 40, 49, 50, 52, 55, 58, 61, 28, 29, 31, 34, 37, 40, 49, 50,
    52, 55, 58, 61
    )

ecozonesSK <-
  c(9, 9, 9, 9, 6, 6, 6, 6, 6, 6, 9, 9, 9, 9, 9, 9, 6, 6, 6, 6,
    6, 6, 6, 9, 9, 9, 9, 9, 9, 6, 6, 6, 6, 6, 6, 9, 9, 9, 9, 9, 9,
    9, 6, 6, 6, 6, 6, 9, 9, 9, 9, 9, 9, 6, 6, 9, 9, 9, 6, 6, 6, 6,
    6, 9, 9, 9, 9, 9, 6, 6, 6, 6, 9, 9, 9, 9, 9, 9, 9, 9, 6, 6, 6,
    6, 6, 6, 9, 9, 9, 9, 9, 9, 6, 6, 6, 6, 6, 9, 9, 9, 9, 9, 9, 6,
    6, 6, 6, 6, 9, 9, 9, 9, 9, 6, 6, 6, 6, 9, 9, 9, 9, 6, 9, 9, 9,
    9, 6, 6, 6, 6, 9, 9, 9, 9, 9, 6, 6, 9, 9, 9, 6, 6, 6, 6, 9, 9,
    9, 9, 9, 9, 9, 6, 6, 6, 6, 6, 9, 9, 9, 9, 9, 6, 6, 6, 9, 9, 9,
    9, 9, 9, 6, 6, 6, 9, 9, 6, 6, 9, 9, 6, 6, 6, 6, 6, 9, 9, 9, 9,
    9, 6, 6, 6, 6, 9, 9, 9, 9, 9, 9, 9, 9, 6, 6, 6, 6, 9, 9, 9, 9,
    9, 9, 6, 6, 6, 6, 9, 9, 9, 9, 9, 6, 9, 9, 9, 9, 6, 6, 6, 9, 6,
    6, 6, 9, 9, 9, 9, 6, 6, 6, 9, 9, 6, 6, 9, 9, 6, 9, 9, 9, 9, 6,
    6, 9, 6, 6, 6, 9, 9, 6, 6, 9, 9, 6, 6, 6, 9, 9, 9, 9, 9, 9, 9,
    9, 6, 6, 6, 9, 9, 9, 9, 9, 9, 6, 6, 9, 9, 9, 9, 9, 6, 6, 9, 9,
    9, 9, 9, 9, 9, 9, 9, 9, 9, 6, 6, 9, 9, 6, 6, 6, 6, 9, 9, 9, 9,
    9, 6, 6, 6, 6, 9, 9, 9, 9, 6, 6, 6, 6, 9, 9, 9, 9, 6, 6, 6, 6,
    9, 9, 9, 6, 6, 9, 9, 9, 6, 6, 6, 6, 9, 9, 6, 6, 6, 6, 9, 9, 9,
    9, 9, 9, 6, 6, 6, 6, 6, 9, 9, 9, 9, 6, 6, 6, 6, 6, 9, 9, 9, 9,
    9, 6, 6, 6, 6, 9, 9, 9, 9, 6, 6, 6, 6, 9, 9, 6, 9, 9, 6, 6, 6,
    6, 6, 6, 9, 9, 9, 9, 6, 6, 6, 6, 6, 9, 9, 9, 9, 9, 9, 9, 6, 6,
    6, 6, 9, 9, 9, 9, 9, 9, 6, 6, 6, 6, 6, 9, 9, 9, 9, 9, 6, 6, 6,
    6, 6, 9, 9, 9, 9, 9, 6, 6, 6, 6, 9, 9, 9, 9, 6, 9, 9, 6, 6, 6,
    6, 6, 9, 9, 9, 9, 6, 6, 6, 6, 9, 9, 9, 9, 9, 9, 9, 9, 6, 6, 6,
    6, 6, 9, 9, 9, 9, 9, 6, 6, 6, 6, 6, 6, 6, 9, 9, 9, 9, 9, 9, 6,
    6, 6, 6, 6, 9, 9, 9, 9, 9, 9, 6, 6, 6, 9, 9, 9, 9, 9, 6, 6, 6,
    9, 9, 9, 9, 6, 6, 6, 9, 9, 9, 9, 9, 9, 6, 6, 6, 6, 6, 9, 9, 9,
    9, 9, 9, 6, 6, 6, 6, 9, 9, 9, 9, 9, 9, 6, 6, 6, 9, 9, 9, 9, 9,
    9, 6, 6, 9, 9, 9, 9, 6, 6, 6, 6, 9, 9, 9, 9, 9, 6, 6, 6, 6, 6,
    9, 9, 9, 9, 9, 9, 6, 6, 6, 6, 6, 6, 9, 9, 9, 9, 9, 9, 6, 6, 6,
    6, 6, 6, 9, 9, 9, 9, 9, 9, 9, 6, 6, 6, 6, 6, 6, 9, 9, 9, 9, 9,
    9, 6, 6, 6, 6, 6, 9, 9, 9, 9, 9, 6, 9, 9, 9, 9, 6, 6, 6, 9, 9,
    9, 9, 9, 9, 6, 6, 6, 6, 6, 9, 9, 9, 9, 9, 9, 9, 6, 6, 6, 6, 6,
    9, 9, 9, 9, 9, 9, 6, 6, 6, 6, 6, 6, 9, 9, 9, 9, 9, 9, 6, 6, 6,
    6, 9, 9, 9, 9, 9, 9, 6, 6, 9, 9, 9, 9, 9, 9, 9, 9, 9, 9, 9, 9,
    9, 9, 9, 6, 6, 6, 6, 6, 9, 9, 9, 9, 9, 9, 6, 6, 6, 6, 6, 6, 9,
    9, 9, 9, 9, 9, 9, 9, 9, 9, 9, 9, 9, 9, 9, 9, 9, 9, 9, 9, 9, 9,
    9, 9, 9, 9, 9, 9, 9, 9, 9, 9, 9, 9, 6, 9, 9, 9, 9, 9, 9, 9, 9,
    9, 9, 9, 6, 6, 6, 6, 9, 9, 9, 6, 9, 6, 6, 6, 9, 9, 9, 9, 6, 6,
    9, 6, 6, 6, 9, 9, 9, 6, 9, 9, 9, 9, 9, 9, 9, 9, 9, 9, 9, 9, 9,
    9, 9, 9, 6, 9, 9, 9, 9, 9, 9, 6, 9, 6, 9, 9, 9, 9, 9, 9, 9, 9,
    9, 9, 9, 9, 9, 9, 9, 9, 9, 9, 9, 9, 9, 9, 9, 9, 9, 9, 9, 9, 9,
    9, 9, 9, 9, 9, 9, 9, 9, 9, 9, 9, 9, 9, 9, 9, 9, 9, 9, 9, 9, 9,
    9, 9, 9, 9, 9, 9, 9, 9, 6, 6, 9, 9, 9, 9, 9, 6, 6, 6, 9, 9, 9,
    9, 9, 9, 9, 9, 9, 9, 9, 9, 9, 6, 9, 6, 9, 9, 9, 9, 9, 9, 9, 9,
    6, 6, 6, 6, 9, 9, 9, 6, 6, 9, 9, 9, 9, 9, 6, 9, 9, 9, 9, 9, 9,
    6, 9, 9, 9, 9, 9, 9, 9, 9, 9, 6, 9, 9, 9, 9, 9, 9, 9, 6, 9, 9,
    9, 6, 9, 9, 9, 6, 9, 9, 9, 9, 9, 9, 9, 9, 9, 9, 9, 9, 9, 9, 9,
    9
    )

